X0 = 0;
t = 10;
sigma = 0.2;
c = 0.15;
lambda = 0.04;
pY = 0.3;
eta1 = 5;
eta2 = 2.5;